astro-ph/0501285
1009.2686
1704.01393
quant-ph/0304062
2306.13026
1104.0148
1401.5186
2301.12991
1807.00936
1604.03293
2411.14352
1808.07118
1410.8174
math/0503247
hep-ph/9308275
2404.12875
1206.1993
2306.01693
2408.16728
2105.12623
2312.09568
hep-lat/0507037
2105.00073
2405.17881
2402.15243
hep-th/0508249
1312.3953
2306.17293
1904.12139
cond-mat/0007255
1507.00485
2004.07034
hep-th/0602078
2011.06685
2303.06962
2208.00754
gr-qc/0203096
1412.1086
1111.0445
2206.04905
1806.11059
1709.05294
q-bio/0610048
2308.15221
2203.14587
2110.07150
astro-ph/0411496
astro-ph/0201337
1702.03650
2305.08589
0710.3821
1806.06413
1911.06904
0804.0269
2410.10318
1411.4268
1609.03982
1910.01043
2211.01804
1906.10864
2309.14208
2401.00907
hep-ph/0410112
2411.02758
2107.14258
1601.02060
hep-th/0312048
2105.13192
1711.06273
hep-ph/9707281
1505.03483
1912.01046
2204.13665
1010.2550
2110.15734
quant-ph/9906100
1205.1553
math/0611304
1907.13139
1702.01094
2112.14411
2302.04542
2109.07524
0706.3811
1509.05950
0901.0793
1904.12681
1505.02654
2210.13077
1909.10317
2005.14106
1706.09891
1807.07050
1606.08550
1207.0694
2203.04156
2408.10782
1803.04278
2307.14236
2110.02091
2411.19461
2311.18134
2011.14387
2305.14549
0705.2047
1006.2324
2210.14669
cond-mat/9811096
2212.03818
2205.06864
2206.09594
2207.03558
1908.05361
1210.7587
1604.06944
hep-ph/9807279
2208.10086
2001.06006
2404.13248
0705.3592
2109.13428
2205.03912
2002.11918
1008.5257
2311.02776
gr-qc/9710047
0711.4210
2207.08755
1706.09327
1802.07205
1908.05539
0704.2104
1708.09083
1501.01423
1810.06362
2301.11233
1309.1913
2110.09985
1808.10059
1903.00757
1511.06516
2307.07564
hep-th/9703178
2405.15921
1002.4234
2309.16253
0802.0593
1704.03885
cond-mat/9805173
1804.08156
2402.17991
1407.6981
2103.05637
2112.09027
2005.04665
astro-ph/9804054
cond-mat/0304206
astro-ph/0612661
2212.08712
2006.03839
quant-ph/0109131
1709.05317
hep-th/0612220
nlin/0206049
2203.12631
2312.08469
0808.0942
2004.14990
0902.2471
1509.01172
2105.07369
2311.16880
2310.15927
1006.4739
2207.08708
2203.04311
0710.5634
1507.02196
cond-mat/9904303
1504.08164
1910.07536
quant-ph/0703014
1903.04930
2404.06962
2109.01461
1006.5571
2003.12478
1706.09159
2304.01732
2410.01791
2108.02998
1610.09388
1409.8551
1405.4352
0909.5454
hep-th/0403015
nlin/0411040
quant-ph/9810080
2403.18730
astro-ph/0603449
2303.00667
1812.07247
1912.09601
2011.04714
hep-ex/9609007
2404.08036
2008.05666
astro-ph/0508374
2112.12696
2411.00487
astro-ph/0501369
1504.04103
1003.4117
1906.11871
math/0405270
1605.05141
1408.2789
2309.06549
1912.01133
1903.11619
0802.4269
2107.06767
hep-th/0602233
1612.02041
2103.12506
1502.07642
2106.07026
0904.0827
2303.06468
2109.04106
2008.11518
1409.6531
2305.14919
1306.5080
2111.15522
1409.4148
astro-ph/0407493
2406.05710
2211.01095
2311.07746
0903.4228
2409.11318
1701.00107
1808.00582
1701.06576
cond-mat/0509787
2204.06710
2206.11210
1304.3624
1710.02849
1711.05457
2110.08587
1501.07745
2308.08715
2209.11290
1904.05673
2304.10184
1804.00137
physics/9707006
1505.03093
math/0405009
2107.00299
1504.03416
1808.10108
1901.05775
2311.00433
1906.00001
1109.1807
0906.5385
2301.08506
2401.10914
1709.09530
1407.6525
1810.00006
2206.14480
hep-ph/0410332
2212.07246
1904.07718
2008.08780
0705.1962
1609.03764
2301.02635
1412.2557
1507.01698
1408.3213
1507.07716
quant-ph/0208032
2404.03719
2312.07941
1411.4859
2010.02616
1802.02437
1108.3288
1709.03089
2007.14252
2203.15866
1307.2371
0801.0180
2407.12568
1511.03953
1906.03979
1504.06133
2311.10293
0809.0234
0907.4350
2003.08350
1412.4994
1508.04647
1905.06276
1804.04835
1607.06599
2401.14335
1903.08397
1212.5096
quant-ph/0301072
1702.04693
1109.3289
1212.4335
2111.09459
1601.06784
0910.3615
1907.13232
2108.05740
2009.14689
2012.11439
1606.01135
1908.05476
2103.16263
1608.08767
2308.11166
2206.05915
2303.17330
1303.1918
2104.03024
2205.13279
1701.07217
2302.13114
2207.00030
0806.2471
astro-ph/0101561
1108.3824
2406.07636
1901.01765
2210.00343
2008.06248
2011.05455
1106.4580
1009.5321
2106.15879
2304.00306
1703.06840
gr-qc/0412012
math/0606134
1712.09023
2412.03500
2004.12507
hep-ph/0204197
1910.13341
2206.10115
2112.03736
2105.13870
0811.3600
1804.04032
2001.04707
1102.4463
2106.12692
2110.04049
1409.2125
2104.06528
0901.2449
2102.12757
1205.3441
2008.01265
gr-qc/0105015
nucl-th/0102038
2305.19395
0908.3463
1511.08567
2411.06061
0707.0760
2002.06990
2101.06480
0904.4580
1505.07178
physics/0508132
2209.14386
2209.11659
2112.11504
1709.04613
1803.01277
2311.12149
2307.08067
1501.04009
hep-lat/0506012
2105.13144
2106.10859
1203.1523
1712.02337
gr-qc/0311069
2105.06353
1401.3929
1606.05022
1906.07032
1404.3341
2201.10273
1211.4917
1503.01110
physics/0312052
astro-ph/0306369
0903.2212
2306.10640
2306.09835
2406.10947
1707.05562
1612.02417
hep-ph/9203224
1910.07933
cond-mat/0412005
2211.02215
2106.12096
2203.01229
hep-ph/0108020
1812.05522
1808.03876
2310.02434
2009.10399
1807.05885
2401.10688
1011.2789
hep-ph/0409033
cond-mat/9609025
hep-th/0610160
1803.01740
0812.2241
1810.09440
2312.14458
hep-ph/9804324
1611.09616
1209.2430
1608.05868
2412.07648
2111.10466
1502.06044
2302.03234
cond-mat/0006223
2105.05312
cond-mat/0204329
2006.04622
2309.04466
2002.07375
2403.13589
2004.11563
1909.06454
1011.1356
1802.01403
2402.08369
2305.19054
1206.3767
astro-ph/0101456
1905.00530
0710.3358
astro-ph/0212579
2310.03682
1602.01025
1112.3403
2312.09592
0711.3549
1209.5230
math/0604390
2308.10846
2002.12453
2405.05134
1502.06209
1412.4061
1806.04399
1711.07370
2006.01423
0903.2700
2011.07008
2006.00765
1706.07445
quant-ph/0611005
2109.14086
1512.09343
astro-ph/0005558
1312.2637
1302.4713
1504.08358
2212.11165
1908.11046
0808.1004
hep-ph/0210098
0708.3896
hep-ph/9510306
hep-ph/9904509
2010.06122
2411.09807
cond-mat/0004057
hep-th/9810252
1905.08165
0908.3770
hep-ph/0202019
1407.0619
1702.02429
1906.07877
2103.06642
1005.5534
hep-ph/9711399
2103.00791
1005.2764
2207.05773
hep-lat/0511037
1103.4651
1405.2482
2312.00596
2101.11767
0810.1746
2011.07956
0907.0935
2304.12715
1601.08124
1807.07598
1611.02013
2212.14023
hep-th/0508060
1510.04396
cond-mat/0102298
1508.01056
1703.06531
1410.6304
1901.06951
1801.07440
2111.14720
1807.07652
2206.00164
1506.00354
1511.01875
1006.4398
1501.03788
astro-ph/9803051
2409.07834
1407.1027
1907.02959
1607.05019
1908.03057
hep-th/0605211
hep-th/0305123
2404.01650
2310.03028
2306.02600
2306.10656
1902.08419
1810.04593
2411.06586
2303.11990
1710.09967
2004.01898
nucl-th/0206044
2202.09174
hep-th/0510118
2209.04507
0805.3014
cond-mat/0508639
quant-ph/0406175
1203.5387
1803.03639
2110.03401
2012.02542
1301.2847
2211.01147
1106.0343
0910.0300
1508.03035
1405.5349
math/0203197
2007.13937
2302.11523
2306.12068
2406.11005
1909.05489
2010.09623
2012.05570
2206.07677
1611.04019
1505.00151
0710.4514
patt-sol/9710004
astro-ph/0411124
hep-ph/0410054
physics/9901028
1710.09014
0708.3508
1909.12130
2209.15022
1710.06155
1002.4260
1807.09647
hep-th/0604198
1108.3515
1707.06566
2001.05732
0806.2729
hep-ph/9502372
2005.08115
2402.02355
1008.3222
1907.00139
hep-th/0306090
2104.04656
1603.04711
2002.07765
1909.07480
2312.14889
0912.1246
2003.01007
hep-th/9301077
2012.14870
hep-ex/0703015
2209.10551
hep-th/9503130
2201.13122
2207.00910
1711.07507
2008.03817
2405.01321
astro-ph/0611751
cond-mat/0409664
2410.24065
2402.07431
0706.4368
1906.03347
1807.02230
0909.0616
2011.02503
1812.02966
hep-th/0105083
2307.15119
1506.01748
1811.04624
1208.2939
funct-an/9511002
1801.02957
2104.07544
2005.03300
2010.05762
1510.08503
1510.09222
1707.03323
1709.07416
1503.00879
2008.07541
1206.0510
2211.08026
2406.09179
2305.00997
1209.5757
1711.11343
0810.0983
2101.07714
2001.09288
1906.08475
math/0606017
1803.08121
2409.11145
1808.02166
1407.5556
1204.5298
1805.04803
1405.1976
1710.04457
astro-ph/0601137
0706.1998
1911.10823
0911.4755
1809.00587
2007.07076
1203.3288
1510.07383
1706.02306
1210.4565
2410.04482
2404.09494
2108.13883
2108.01074
1309.1524
1511.06075
2408.09069
1805.12260
1612.00520
1805.03900
2306.08006
1508.05820
2305.01817
1101.2127
1001.3458
2302.10162
1301.2437
0902.2167
1812.01457
2404.08794
2412.15867
0805.3055
1306.5695
1412.4995
1006.5031
1104.0510
2305.17049
1712.03135
1201.2229
2404.18777
1211.4127
hep-th/9801014
1209.6550
2112.06747
1602.08828
1606.00119
2210.00162
2306.15110
1904.05010
2011.07898
0710.1884
0801.0547
1708.04651
2402.17828
2105.07026
1301.6997
2010.13386
2410.00737
1310.5756
1801.06968
2306.07922
1412.6096
cond-mat/0312314
math/0605637
2208.05634
1604.00163
2006.03282
2307.09523
2201.06426
1012.3069
hep-ph/9606343
2201.04201
1003.4847
1609.02029
2406.18912
1602.04149
1301.6389
2101.09601
2009.01528
gr-qc/0610046
1908.06262
1002.0851
0812.4053
1811.09840
2309.13213
1912.08766
2112.07793
1209.1005
2412.20020
2202.12187
2405.05324
1701.07277
astro-ph/0305001
2104.05470
1805.03328
2011.00860
2107.04570
1908.07037
0908.3228
1303.0773
1308.5566
1709.06048
1811.05521
1007.1809
1705.07433
2205.09777
2308.11368
2408.12867
math/0609230
2211.13463
2107.06345
2112.11128
2210.06868
1501.07281
2311.14231
2302.09747
cond-mat/0701023
2412.20064
0905.2435
1706.09986
2405.20276
2210.14672
1008.1819
2406.12386
0707.1980
1206.4831
1210.6059
1906.12274
2105.13326
2404.05691
2410.01754
1309.1336
1306.4292
quant-ph/9805019
1811.12043
gr-qc/0407089
1212.1315
2112.03129
astro-ph/9707103
2401.17307
astro-ph/0504312
cond-mat/0303589
0705.3049
math/0609089
2001.05054
1512.06415
2209.04170
gr-qc/0403026
1111.3304
2206.08192
astro-ph/0412197
1309.0483
astro-ph/0702573
2311.07963
2112.14264
1804.05941
1409.3447
1903.12640
1401.1934
1807.02356
2002.01937
2403.11449
1611.07446
1704.03310
cond-mat/0402506
1004.0775
1406.0117
cmp-lg/9607022
2305.12854
1712.04639
1801.08803
1305.3674
2408.00415
2406.00200
1909.04652
2009.04132
0801.1755
2002.09390
2012.15607
1405.5534
1906.09604
1808.10056
2309.08262
1009.2831
